<?xml version="1.0"?>
<opencv_storage>
<K_L type_id="opencv-matrix">
  <rows>3</rows>
  <cols>3</cols>
  <dt>d</dt>
  <data>
    2.7421872558593750e+03 0. 9.5978824235259526e+02 0.
    2.7174963378906250e+03 4.8446551750283106e+02 0. 0. 1.</data></K_L>
<K_R type_id="opencv-matrix">
  <rows>3</rows>
  <cols>3</cols>
  <dt>d</dt>
  <data>
    2.6919746093750000e+03 0. 9.7061980908992700e+02 0.
    2.6611198730468750e+03 4.7107282363417471e+02 0. 0. 1.</data></K_R>
</opencv_storage>
